66666 2301  014 0003 2301 0 6                SANVU              20230704        
23041900 002 2 035 1596 1008     000                                            
23041906 002 2 043 1591 1004     000                                            
23041912 002 2 053 1587 1008     000                                            
23041918 002 2 069 1580 1004     000                                            
23042000 002 2 081 1578 1006     000                                            
23042006 002 2 091 1571 1002     000                                            
23042012 002 3 096 1566 1000     035     00000 0000 10120 0090                  
23042018 002 3 099 1563  998     040     00000 0000 10120 0090                  
23042100 002 3 101 1560  998     040     00000 0000 10120 0090                  
23042106 002 3 103 1557  996     045     00000 0000 10120 0090                  
23042112 002 3 104 1553 1000     040     00000 0000 10120 0090                  
23042118 002 3 104 1545 1002     035     00000 0000 10120 0090                  
23042200 002 2 103 1538 1006     000                                            
23042206 002 2 103 1531 1004     000                                            
66666 2302  067 0004 2302 0 6                MAWAR              20230830        
23051918 002 2 061 1496 1004     000                                            
23052000 002 2 061 1494 1004     000                                            
23052006 002 2 061 1492 1004     000                                            
23052012 002 3 062 1491 1000     035     00000 0000 90180 0180                  
23052018 002 3 066 1490  994     045     00000 0000 90180 0180                  
23052100 002 4 070 1487  992     050     00000 0000 90180 0180                  
23052106 002 4 073 1484  992     050     00000 0000 90180 0180                  
23052112 002 4 076 1479  990     055     90020 0020 90180 0180                  
23052118 002 5 079 1476  980     065     90020 0020 90180 0180                  
23052200 002 5 086 1473  980     065     90030 0030 90180 0180                  
23052206 002 5 092 1471  975     070     90030 0030 90180 0180                  
23052212 002 5 098 1469  970     075     90030 0030 90180 0180                  
23052218 002 5 105 1469  940     095     90065 0065 90180 0180                  
23052300 002 5 112 1469  940     095     90065 0065 90180 0180                  
23052306 002 5 118 1465  920     105     90080 0080 90180 0180                  
23052312 002 5 122 1460  920     105     90080 0080 90180 0180                  
23052318 002 5 125 1457  920     105     90080 0080 90180 0180                  
23052400 002 5 131 1455  935     095     90080 0080 10180 0150                  
23052406 002 5 136 1452  935     095     90080 0080 10180 0150                  
23052412 002 5 138 1447  935     095     90080 0080 10180 0150                  
23052418 002 5 141 1441  935     095     90080 0080 10180 0150                  
23052500 002 5 142 1435  925     100     90090 0090 10240 0180                  
23052506 002 5 146 1428  905     110     90100 0100 10240 0180                  
23052512 002 5 148 1415  900     115     90100 0100 10270 0180                  
23052518 002 5 149 1404  900     115     90100 0100 10270 0180                  
23052600 002 5 151 1392  900     115     90100 0100 10270 0240                  
23052606 002 5 154 1379  900     115     90100 0100 10270 0240                  
23052612 002 5 157 1365  900     115     90100 0100 10300 0240                  
23052618 002 5 160 1349  900     115     90100 0100 10300 0240                  
23052700 002 5 164 1335  910     105     10120 0100 10375 0300                  
23052706 002 5 166 1322  925     095     10130 0090 10375 0300                  
23052712 002 5 168 1309  945     085     10130 0090 10375 0300                  
23052718 002 5 171 1297  945     085     10130 0090 10375 0300                  
23052800 002 5 172 1287  945     085     10130 0090 10425 0325                  
23052806 002 5 176 1279  945     085     10120 0080 10425 0325                  
23052812 002 5 180 1274  945     085     20120 0080 20425 0325                  
23052818 002 5 186 1267  945     085     20120 0080 20425 0325                  
23052900 002 5 190 1262  945     085     20120 0080 20425 0300                  
23052906 002 5 194 1258  945     085     20120 0080 20425 0300                  
23052912 002 5 197 1256  945     085     30120 0080 30400 0300                  
23052918 002 5 201 1254  945     085     30120 0080 30400 0300                  
23053000 002 5 203 1251  950     080     30120 0080 30400 0270                  
23053006 002 5 206 1250  950     080     30120 0080 30400 0270                  
23053012 002 5 208 1250  955     070     30100 0070 30375 0240                  
23053018 002 5 212 1250  955     070     30100 0070 30375 0240                  
23053100 002 5 214 1251  955     070     30100 0070 30375 0240                  
23053106 002 5 222 1253  960     065     30100 0070 30375 0240                  
23053109 002 5 225 1254  960     065     30100 0070 30375 0240                  
23053112 002 5 227 1254  960     065     30100 0060 30375 0240                  
23053115 002 5 230 1255  960     065     30100 0060 30375 0240                  
23053118 002 4 236 1256  965     060     20090 0060 30375 0240                  
23053121 002 4 238 1257  965     060     20090 0060 30375 0240                  
23060100 002 4 241 1258  970     050     00000 0000 30350 0240                  
23060103 002 4 246 1260  970     050     00000 0000 30350 0240                  
23060106 002 4 249 1261  970     050     00000 0000 30350 0240                  
23060109 002 4 254 1266  970     050     00000 0000 30350 0240                  
23060112 002 4 259 1271  970     050     00000 0000 20325 0240                  
23060115 002 4 264 1276  970     050     00000 0000 20325 0240                  
23060118 002 4 269 1281  970     050     00000 0000 20325 0240                  
23060121 002 4 272 1288  970     050     00000 0000 20325 0240                  
23060200 002 3 274 1294  975     045     00000 0000 30325 0210                  
23060206 002 3 282 1310  975     045     00000 0000 30325 0210                  
23060212 002 3 289 1328  980     045     00000 0000 30300 0210                  
23060218 002 3 297 1352  980     045     00000 0000 30300 0210                  
23060300 002 6 306 1378  984     000                                            
23060306 002 6 324 1408  990     000                                            
23060312 002 6 337 1447  996     000                                            
66666 2303  044 0005 2303 1 0               GUCHOL              20230906        
23060600 002 2 128 1350 1004     000                                            
23060606 002 2 131 1351 1002     000                                            
23060612 002 3 136 1351 1000     035     00000 0000 20180 0120                  
23060618 002 3 141 1349 1000     035     00000 0000 20180 0120                  
23060700 002 3 147 1343  998     040     00000 0000 20180 0120                  
23060706 002 3 150 1338  996     040     00000 0000 20180 0120                  
23060712 002 3 151 1332  992     045     00000 0000 20210 0150                  
23060718 002 4 155 1324  990     050     00000 0000 20210 0150                  
23060800 002 4 158 1316  985     055     90060 0060 20210 0150                  
23060806 002 4 160 1311  980     060     90060 0060 20210 0150                  
23060812 002 5 163 1308  970     070     90060 0060 10240 0180                  
23060818 002 5 168 1304  965     075     90060 0060 10240 0180                  
23060900 002 5 172 1304  965     075     90060 0060 10240 0210                  
23060906 002 5 178 1301  965     075     90060 0060 10240 0210                  
23060912 002 5 181 1299  965     075     90060 0060 10240 0210                  
23060918 002 5 185 1299  960     080     90070 0070 10240 0210                  
23061000 002 5 189 1299  960     080     90070 0070 10240 0210                  
23061006 002 5 199 1302  960     080     20080 0060 20240 0180                  
23061012 002 5 207 1305  960     075     20080 0060 20240 0180                  
23061018 002 5 218 1311  965     070     20080 0060 20240 0180                  
23061100 002 5 230 1317  970     065     30080 0060 30240 0150                  
23061106 002 4 242 1326  975     060     30080 0060 30270 0150                  
23061112 002 4 256 1338  980     055     30080 0060 30300 0150                  
23061118 002 4 264 1353  980     055     30070 0050 30300 0150                  
23061200 002 4 279 1369  980     055     30060 0040 30300 0150                  
23061206 002 4 295 1381  985     050     00000 0000 30300 0150                  
23061212 002 6 305 1395  990     000                                            
23061218 002 6 320 1420  990     000                                            
23061300 002 6 336 1440  992     000                                            
23061306 002 6 345 1464  992     000                                            
23061312 002 6 358 1488  996     000                                            
23061318 002 6 381 1520  996     000                                            
23061400 002 6 385 1550  996     000                                            
23061406 002 6 391 1585  996     000                                            
23061412 002 6 393 1620  996     000                                            
23061418 002 6 390 1665  998     000                                            
23061500 002 6 387 1695  998     000                                            
23061506 002 6 389 1710  996     000                                            
23061512 002 6 389 1728  994     000                                            
23061518 002 6 393 1745  990     000                                            
23061600 002 6 392 1765  986     000                                            
23061606 002 6 396 1781  984     000                                            
23061612 002 6 396 1796  984     000                                            
23061618 002 6 397 1809  986     000                                            
